 0.00000000e+00  0.00000000e+00  0.00000000e+00  1.86499998e+02  0.00000000e+00  4.66231359e-06  0.00000000e+00 -1.86509999e-10 
 2.00000000e-09  0.00000000e+00  2.00000000e-09  1.86499998e+02  2.00000000e-09  4.66231359e-06  2.00000000e-09 -1.86509999e-10 
 4.00000000e-09  0.00000000e+00  4.00000000e-09  1.86499998e+02  4.00000000e-09  4.66231177e-06  4.00000000e-09 -1.86509999e-10 
 8.00000000e-09  0.00000000e+00  8.00000000e-09  1.86499998e+02  8.00000000e-09  4.66231177e-06  8.00000000e-09 -1.86509999e-10 
 1.60000000e-08  0.00000000e+00  1.60000000e-08  1.86499998e+02  1.60000000e-08  4.66231359e-06  1.60000000e-08 -1.86509999e-10 
 3.20000000e-08  0.00000000e+00  3.20000000e-08  1.86499998e+02  3.20000000e-08  4.66231359e-06  3.20000000e-08 -1.86509999e-10 
 6.40000000e-08  0.00000000e+00  6.40000000e-08  1.86499998e+02  6.40000000e-08  4.66231359e-06  6.40000000e-08 -1.86509999e-10 
 1.28000000e-07  0.00000000e+00  1.28000000e-07  1.86499998e+02  1.28000000e-07  4.66231177e-06  1.28000000e-07 -1.86509999e-10 
 2.56000000e-07  0.00000000e+00  2.56000000e-07  1.86499998e+02  2.56000000e-07  4.66231359e-06  2.56000000e-07 -1.86509999e-10 
 4.56000000e-07  0.00000000e+00  4.56000000e-07  1.86499998e+02  4.56000000e-07  4.66231359e-06  4.56000000e-07 -1.86509999e-10 
 6.56000000e-07  0.00000000e+00  6.56000000e-07  1.86499998e+02  6.56000000e-07  4.66231359e-06  6.56000000e-07 -1.86509999e-10 
 8.56000000e-07  0.00000000e+00  8.56000000e-07  1.86499998e+02  8.56000000e-07  4.66231177e-06  8.56000000e-07 -1.86509999e-10 
 1.05600000e-06  0.00000000e+00  1.05600000e-06  1.86499998e+02  1.05600000e-06  4.66231177e-06  1.05600000e-06 -1.86509999e-10 
 1.25600000e-06  0.00000000e+00  1.25600000e-06  1.86499998e+02  1.25600000e-06  4.66231359e-06  1.25600000e-06 -1.86509999e-10 
 1.45600000e-06  0.00000000e+00  1.45600000e-06  1.86499998e+02  1.45600000e-06  4.66231359e-06  1.45600000e-06 -1.86509999e-10 
 1.65600000e-06  0.00000000e+00  1.65600000e-06  1.86499998e+02  1.65600000e-06  4.66231359e-06  1.65600000e-06 -1.86509999e-10 
 1.85600000e-06  0.00000000e+00  1.85600000e-06  1.86499998e+02  1.85600000e-06  4.66231177e-06  1.85600000e-06 -1.86509999e-10 
 2.00000000e-06  0.00000000e+00  2.00000000e-06  1.86499998e+02  2.00000000e-06  4.66231177e-06  2.00000000e-06 -1.86509999e-10 
 2.02000000e-06  1.50000000e-01  2.02000000e-06  1.86499998e+02  2.02000000e-06  4.66231359e-06  2.02000000e-06 -1.86509999e-10 
 2.06000000e-06  4.50000000e-01  2.06000000e-06  1.86499998e+02  2.06000000e-06  4.66231177e-06  2.06000000e-06 -1.86509999e-10 
 2.14000000e-06  1.05000000e+00  2.14000000e-06  1.86499998e+02  2.14000000e-06  4.66231359e-06  2.14000000e-06 -1.86509999e-10 
 2.30000000e-06  2.25000000e+00  2.30000000e-06  1.86499998e+02  2.30000000e-06  4.66231177e-06  2.30000000e-06 -1.86509999e-10 
 2.50000000e-06  3.75000000e+00  2.50000000e-06  1.86499998e+02  2.50000000e-06  4.66231177e-06  2.50000000e-06 -1.86509999e-10 
 2.58166667e-06  4.36250000e+00  2.58166667e-06  1.86499998e+02  2.58166667e-06  4.66231359e-06  2.58166667e-06 -1.86509999e-10 
 2.62958333e-06  4.72187500e+00  2.62958333e-06  1.86499998e+02  2.62958333e-06  4.66231177e-06  2.62958333e-06 -1.86509999e-10 
 2.69218750e-06  5.19140625e+00  2.69218750e-06  1.86499998e+02  2.69218750e-06  4.66231359e-06  2.69218750e-06 -1.86509999e-10 
 2.71406901e-06  5.35551758e+00  2.71406901e-06  1.86499998e+02  2.71406901e-06  4.66231359e-06  2.71406901e-06 -1.86509999e-10 
 2.75236165e-06  5.64271240e+00  2.75236165e-06  1.86499998e+02  2.75236165e-06  4.66231359e-06  2.75236165e-06 -1.86509999e-10 
 2.76296051e-06  5.72220383e+00  2.76296051e-06  1.86499998e+02  2.76296051e-06  4.66231177e-06  2.76296051e-06 -1.86509999e-10 
 2.78150851e-06  5.86131382e+00  2.78150851e-06  1.86499998e+02  2.78150851e-06  4.66231359e-06  2.78150851e-06 -1.86509999e-10 
 2.79956986e-06  5.99677398e+00  2.79956986e-06  3.72519304e+02  2.79956986e-06  2.18498344e+00  2.79956986e-06 -3.72573003e-10 
 2.81229292e-06  6.09219692e+00  2.81229292e-06  3.73385201e+02  2.81229292e-06 -1.75091444e+00  2.81229292e-06 -3.73360183e-10 
 2.82408478e-06  6.18063589e+00  2.82408478e-06  3.72456629e+02  2.82408478e-06  2.46987018e+00  2.82408478e-06 -3.72516026e-10 
 2.83904681e-06  6.29285108e+00  2.83904681e-06  3.73312824e+02  2.83904681e-06 -1.42192634e+00  2.83904681e-06 -3.73294385e-10 
 2.86897086e-06  6.51728147e+00  2.86897086e-06  3.72379285e+02  2.86897086e-06  2.82143037e+00  2.86897086e-06 -3.72445714e-10 
 2.92747971e-06  6.95609786e+00  2.92747971e-06  3.73266482e+02  2.92747971e-06 -1.21128044e+00  2.92747971e-06 -3.73252256e-10 
 2.99156451e-06  7.43673379e+00  2.99156451e-06  3.72492358e+02  2.99156451e-06  2.30746486e+00  2.99156451e-06 -3.72548507e-10 
 3.07653488e-06  8.07401160e+00  3.07653488e-06  3.73538274e+02  3.07653488e-06 -2.44669778e+00  3.07653488e-06 -3.73499340e-10 
 3.16620072e-06  8.74650538e+00  3.16620072e-06  3.72688942e+02  3.16620072e-06  1.41390164e+00  3.16620072e-06 -3.72727220e-10 
 3.22560818e-06  9.19206136e+00  3.22560818e-06  3.73493721e+02  3.22560818e-06 -2.24418607e+00  3.22560818e-06 -3.73458837e-10 
 3.28349053e-06  9.62617896e+00  3.28349053e-06  3.72516137e+02  3.28349053e-06  2.19937689e+00  3.28349053e-06 -3.72570125e-10 
 3.34552687e-06  1.00914516e+01  3.34552687e-06  3.73327479e+02  3.34552687e-06 -1.48853917e+00  3.34552687e-06 -3.73307708e-10 
 3.41826906e-06  1.06370179e+01  3.41826906e-06  3.72463403e+02  3.41826906e-06  2.43907945e+00  3.41826906e-06 -3.72522184e-10 
 3.50775757e-06  1.13081817e+01  3.50775757e-06  3.73438161e+02  3.50775757e-06 -1.99163953e+00  3.50775757e-06 -3.73408328e-10 
 3.59959517e-06  1.19969638e+01  3.59959517e-06  3.72634340e+02  3.59959517e-06  1.66209059e+00  3.59959517e-06 -3.72677582e-10 
 3.67165956e-06  1.25374467e+01  3.67165956e-06  3.73487797e+02  3.67165956e-06 -2.21726124e+00  3.67165956e-06 -3.73453452e-10 
 3.74523834e-06  1.30892875e+01  3.74523834e-06  3.72546338e+02  3.74523834e-06  2.06210208e+00  3.74523834e-06 -3.72597580e-10 
 3.83009283e-06  1.37256963e+01  3.83009283e-06  3.73360465e+02  3.83009283e-06 -1.63847680e+00  3.83009283e-06 -3.73337695e-10 
 3.91838127e-06  1.43878595e+01  3.91838127e-06  3.72503047e+02  3.91838127e-06  2.25887563e+00  3.91838127e-06 -3.72558225e-10 
 4.00000000e-06  1.50000000e+01  4.00000000e-06  3.73429850e+02  4.00000000e-06 -1.95386378e+00  4.00000000e-06 -3.73400773e-10 
 4.01165957e-06  1.50000000e+01  4.01165957e-06  3.73003726e+02  4.01165957e-06 -1.69379574e-02  4.01165957e-06 -3.73013388e-10 
 4.02513664e-06  1.50000000e+01  4.02513664e-06  3.73010724e+02  4.02513664e-06 -4.87457301e-02  4.02513664e-06 -3.73019749e-10 
 4.03419093e-06  1.50000000e+01  4.03419093e-06  3.73017398e+02  4.03419093e-06 -7.90840117e-02  4.03419093e-06 -3.73025817e-10 
 4.04277255e-06  1.50000000e+01  4.04277255e-06  3.73019951e+02  4.04277255e-06 -9.06874143e-02  4.04277255e-06 -3.73028137e-10 
 4.05993580e-06  1.50000000e+01  4.05993580e-06  3.73027804e+02  4.05993580e-06 -1.26382427e-01  4.05993580e-06 -3.73035276e-10 
 4.09426229e-06  1.50000000e+01  4.09426229e-06  3.73030086e+02  4.09426229e-06 -1.36753922e-01  4.09426229e-06 -3.73037351e-10 
 4.16291528e-06  1.50000000e+01  4.16291528e-06  3.73010952e+02  4.16291528e-06 -4.97837020e-02  4.16291528e-06 -3.73019957e-10 
 4.27629255e-06  1.50000000e+01  4.27629255e-06  3.72954187e+02  4.27629255e-06  2.08240778e-01  4.27629255e-06 -3.72968352e-10 
 4.40383342e-06  1.50000000e+01  4.40383342e-06  3.72949016e+02  4.40383342e-06  2.31743319e-01  4.40383342e-06 -3.72963651e-10 
 4.53417478e-06  1.50000000e+01  4.53417478e-06  3.72992696e+02  4.53417478e-06  3.32001424e-02  4.53417478e-06 -3.73003360e-10 
 4.67735678e-06  1.50000000e+01  4.67735678e-06  3.73001328e+02  4.67735678e-06 -6.03555881e-03  4.67735678e-06 -3.73011207e-10 
 4.81238986e-06  1.50000000e+01  4.81238986e-06  3.72959146e+02  4.81238986e-06  1.85697983e-01  4.81238986e-06 -3.72972860e-10 
 4.96237999e-06  1.50000000e+01  4.96237999e-06  3.72952207e+02  4.96237999e-06  2.17242101e-01  4.96237999e-06 -3.72966552e-10 
 5.12546478e-06  1.50000000e+01  5.12546478e-06  3.72983885e+02  5.12546478e-06  7.32510832e-02  5.12546478e-06 -3.72995350e-10 
 5.29905274e-06  1.50000000e+01  5.29905274e-06  3.72979155e+02  5.29905274e-06  9.47480147e-02  5.29905274e-06 -3.72991050e-10 
 5.49905274e-06  1.50000000e+01  5.49905274e-06  3.72946251e+02  5.49905274e-06  2.44315745e-01  5.49905274e-06 -3.72961137e-10 
 5.69130872e-06  1.50000000e+01  5.69130872e-06  3.72964542e+02  5.69130872e-06  1.61173217e-01  5.69130872e-06 -3.72977765e-10 
 5.89130872e-06  1.50000000e+01  5.89130872e-06  3.72972514e+02  5.89130872e-06  1.24937922e-01  5.89130872e-06 -3.72985012e-10 
 6.09130872e-06  1.50000000e+01  6.09130872e-06  3.72948169e+02  6.09130872e-06  2.35596819e-01  6.09130872e-06 -3.72962881e-10 
 6.29130872e-06  1.50000000e+01  6.29130872e-06  3.72948958e+02  6.29130872e-06  2.32008846e-01  6.29130872e-06 -3.72963598e-10 
 6.49130872e-06  1.50000000e+01  6.49130872e-06  3.72964213e+02  6.49130872e-06  1.62670378e-01  6.49130872e-06 -3.72977466e-10 
 6.69130872e-06  1.50000000e+01  6.69130872e-06  3.72945730e+02  6.69130872e-06  2.46682023e-01  6.69130872e-06 -3.72960664e-10 
 6.89130872e-06  1.50000000e+01  6.89130872e-06  3.72940500e+02  6.89130872e-06  2.70455021e-01  6.89130872e-06 -3.72955909e-10 
 7.09130872e-06  1.50000000e+01  7.09130872e-06  3.72951003e+02  7.09130872e-06  2.22713406e-01  7.09130872e-06 -3.72965457e-10 
 7.29130872e-06  1.50000000e+01  7.29130872e-06  3.72944259e+02  7.29130872e-06  2.53369648e-01  7.29130872e-06 -3.72959326e-10 
 7.49130872e-06  1.50000000e+01  7.49130872e-06  3.72931753e+02  7.49130872e-06  3.10215378e-01  7.49130872e-06 -3.72947957e-10 
 7.69130872e-06  1.50000000e+01  7.69130872e-06  3.72940910e+02  7.69130872e-06  2.68589861e-01  7.69130872e-06 -3.72956282e-10 
 7.89130872e-06  1.50000000e+01  7.89130872e-06  3.72937312e+02  7.89130872e-06  2.84943799e-01  7.89130872e-06 -3.72953011e-10 
 8.09130872e-06  1.50000000e+01  8.09130872e-06  3.72927643e+02  8.09130872e-06  3.28894923e-01  8.09130872e-06 -3.72944221e-10 
 8.29130872e-06  1.50000000e+01  8.29130872e-06  3.72928667e+02  8.29130872e-06  3.24242877e-01  8.29130872e-06 -3.72945151e-10 
 8.49130872e-06  1.50000000e+01  8.49130872e-06  3.72931626e+02  8.49130872e-06  3.10792227e-01  8.49130872e-06 -3.72947842e-10 
 8.69130872e-06  1.50000000e+01  8.69130872e-06  3.72920787e+02  8.69130872e-06  3.60056963e-01  8.69130872e-06 -3.72937989e-10 
 8.89130872e-06  1.50000000e+01  8.89130872e-06  3.72920853e+02  8.89130872e-06  3.59761278e-01  8.89130872e-06 -3.72938048e-10 
 9.00000000e-06  1.50000000e+01  9.00000000e-06  3.72922031e+02  9.00000000e-06  3.54403840e-01  9.00000000e-06 -3.72939119e-10 
 9.02000000e-06  1.48500000e+01  9.02000000e-06  3.72922855e+02  9.02000000e-06  3.50659687e-01  9.02000000e-06 -3.72939868e-10 
 9.06000000e-06  1.45500000e+01  9.06000000e-06  3.72922471e+02  9.06000000e-06  3.52406769e-01  9.06000000e-06 -3.72939519e-10 
 9.14000000e-06  1.39500000e+01  9.14000000e-06  3.72919642e+02  9.14000000e-06  3.65265618e-01  9.14000000e-06 -3.72936947e-10 
 9.28291678e-06  1.28781241e+01  9.28291678e-06  3.72914524e+02  9.28291678e-06  3.88526558e-01  9.28291678e-06 -3.72932295e-10 
 9.48291678e-06  1.13781241e+01  9.48291678e-06  3.72914149e+02  9.48291678e-06  3.90233169e-01  9.48291678e-06 -3.72931953e-10 
 9.68291678e-06  9.87812411e+00  9.68291678e-06  3.72913570e+02  9.68291678e-06  3.92865688e-01  9.68291678e-06 -3.72931427e-10 
 9.88291678e-06  8.37812411e+00  9.88291678e-06  3.72908000e+02  9.88291678e-06  4.18183152e-01  9.88291678e-06 -3.72926363e-10 
 1.00829168e-05  6.87812411e+00  1.00829168e-05  3.72905780e+02  1.00829168e-05  4.28271498e-01  1.00829168e-05 -3.72924346e-10 
 1.02273959e-05  5.79453103e+00  1.02273959e-05  3.72906093e+02  1.02273959e-05  4.26852117e-01  1.02273959e-05 -3.72924630e-10 
 1.02739258e-05  5.44555646e+00  1.02739258e-05  3.72905575e+02  1.02739258e-05  4.29203359e-01  1.02739258e-05 -3.72924159e-10 
 1.03553532e-05  4.83485097e+00  1.03553532e-05  3.72903608e+02  1.03553532e-05  4.38145519e-01  1.03553532e-05 -3.72922371e-10 
 1.03778911e-05  4.66581641e+00  1.03778911e-05  3.72902922e+02  1.03778911e-05  4.41264765e-01  1.03778911e-05 -3.72921747e-10 
 1.04173325e-05  4.37000594e+00  1.04173325e-05  3.72901794e+02  1.04173325e-05  4.46389081e-01  1.04173325e-05 -3.72920722e-10 
 1.04282494e-05  4.28812982e+00  1.04282494e-05  3.72901516e+02  1.04282494e-05  4.47652784e-01  1.04282494e-05 -3.72920469e-10 
 1.04473538e-05  4.14484663e+00  1.04473538e-05  3.72901079e+02  1.04473538e-05  4.49639793e-01  1.04473538e-05 -3.72920072e-10 
 1.04659571e-05  4.00532196e+00  1.04659571e-05  3.33465831e+02  1.04659571e-05  9.88020474e-07  1.04659571e-05 -3.33475831e-10 
 1.04835080e-05  3.87369004e+00  1.04835080e-05  2.67036965e+02  1.04835080e-05  2.64881055e-06  1.04835080e-05 -2.67046965e-10 
 1.05021484e-05  3.73388665e+00  1.05021484e-05  2.20114776e+02  1.05021484e-05  3.82190956e-06  1.05021484e-05 -2.20124776e-10 
 1.05237251e-05  3.57206182e+00  1.05237251e-05  2.05197606e+02  1.05237251e-05  4.19485514e-06  1.05237251e-05 -2.05207606e-10 
 1.05668784e-05  3.24841216e+00  1.05668784e-05  2.56861898e+02  1.05668784e-05  2.90319440e-06  1.05668784e-05 -2.56871898e-10 
 1.05958398e-05  3.03120124e+00  1.05958398e-05  3.00052107e+02  1.05958398e-05  1.82339681e-06  1.05958398e-05 -3.00062107e-10 
 1.06215618e-05  2.83828686e+00  1.06215618e-05  2.96825275e+02  1.06215618e-05  1.90407263e-06  1.06215618e-05 -2.96835275e-10 
 1.06484565e-05  2.63657596e+00  1.06484565e-05  2.40350579e+02  1.06484565e-05  3.31599585e-06  1.06484565e-05 -2.40360579e-10 
 1.06725474e-05  2.45589479e+00  1.06725474e-05  1.60481985e+02  1.06725474e-05  5.31278874e-06  1.06725474e-05 -1.60491985e-10 
 1.07003772e-05  2.24717118e+00  1.07003772e-05  7.38521590e+01  1.07003772e-05  7.47862214e-06  1.07003772e-05 -7.38621592e-11 
 1.07286459e-05  2.03515603e+00  1.07286459e-05  2.73098417e+01  1.07286459e-05  8.64222670e-06  1.07286459e-05 -2.73198419e-11 
 1.07568914e-05  1.82331464e+00  1.07568914e-05  3.23099871e+01  1.07568914e-05  8.51721825e-06  1.07568914e-05 -3.23199872e-11 
 1.07862649e-05  1.60301349e+00  1.07862649e-05  6.66339077e+01  1.07862649e-05  7.65908544e-06  1.07862649e-05 -6.66439079e-11 
 1.08139667e-05  1.39524964e+00  1.08139667e-05  8.74256625e+01  1.08139667e-05  7.13927147e-06  1.08139667e-05 -8.74356627e-11 
 1.08443316e-05  1.16751290e+00  1.08443316e-05  6.40452613e+01  1.08443316e-05  7.72380417e-06  1.08443316e-05 -6.40552615e-11 
 1.08778148e-05  9.16389007e-01  1.08778148e-05 -7.75066758e-01  1.08778148e-05  9.58551156e-02  1.08778148e-05  9.58457712e-02 
 1.08948326e-05  7.88755543e-01  1.08948326e-05 -8.30866137e-01  1.08948326e-05  5.64870447e-01  1.08948326e-05  5.64861102e-01 
 1.09109248e-05  6.68063978e-01  1.09109248e-05 -7.92314724e-01  1.09109248e-05  1.75202675e-01  1.09109248e-05  1.75193330e-01 
 1.09286862e-05  5.34853765e-01  1.09286862e-05 -8.35536518e-01  1.09286862e-05  6.47758944e-01  1.09286862e-05  6.47749598e-01 
 1.09642089e-05  2.68433338e-01  1.09642089e-05 -8.08859372e-01  1.09642089e-05  2.98889820e-01  1.09642089e-05  2.98880475e-01 
 1.10000000e-05  0.00000000e+00  1.10000000e-05 -8.43083706e-01  1.10000000e-05  7.79364637e-01  1.10000000e-05  7.79355291e-01 
 1.10071045e-05  0.00000000e+00  1.10071045e-05 -8.30897507e-01  1.10071045e-05  5.71589429e-01  1.10071045e-05  5.71580083e-01 
 1.10213136e-05  0.00000000e+00  1.10213136e-05 -8.31969271e-01  1.10213136e-05  5.79224918e-01  1.10213136e-05  5.79215573e-01 
 1.10497318e-05  0.00000000e+00  1.10497318e-05 -8.31222323e-01  1.10497318e-05  5.76793890e-01  1.10497318e-05  5.76784545e-01 
 1.10873544e-05  0.00000000e+00  1.10873544e-05 -8.28601905e-01  1.10873544e-05  5.39057877e-01  1.10873544e-05  5.39048531e-01 
 1.11625997e-05  0.00000000e+00  1.11625997e-05 -8.19351587e-01  1.11625997e-05  4.12881229e-01  1.11625997e-05  4.12871884e-01 
 1.13130902e-05  0.00000000e+00  1.13130902e-05 -8.08665057e-01  1.13130902e-05  2.96013218e-01  1.13130902e-05  2.96003873e-01 
 1.14682803e-05  0.00000000e+00  1.14682803e-05 -8.20766687e-01  1.14682803e-05  4.32332490e-01  1.14682803e-05  4.32323145e-01 
 1.16320862e-05  0.00000000e+00  1.16320862e-05 -8.24661079e-01  1.16320862e-05  4.83318365e-01  1.16320862e-05  4.83309020e-01 
 1.18082966e-05  0.00000000e+00  1.18082966e-05 -8.11886425e-01  1.18082966e-05  3.30344421e-01  1.18082966e-05  3.30335076e-01 
 1.19913319e-05  0.00000000e+00  1.19913319e-05 -8.11409398e-01  1.19913319e-05  3.26169449e-01  1.19913319e-05  3.26160104e-01 
 1.21913319e-05  0.00000000e+00  1.21913319e-05 -8.20841966e-01  1.21913319e-05  4.33188566e-01  1.21913319e-05  4.33179221e-01 
 1.23913319e-05  0.00000000e+00  1.23913319e-05 -8.13335072e-01  1.23913319e-05  3.45240539e-01  1.23913319e-05  3.45231194e-01 
 1.25913319e-05  0.00000000e+00  1.25913319e-05 -8.06949982e-01  1.25913319e-05  2.84326552e-01  1.25913319e-05  2.84317207e-01 
 1.27913319e-05  0.00000000e+00  1.27913319e-05 -8.15407114e-01  1.27913319e-05  3.67276317e-01  1.27913319e-05  3.67266972e-01 
 1.29913319e-05  0.00000000e+00  1.29913319e-05 -8.12409734e-01  1.29913319e-05  3.36750314e-01  1.29913319e-05  3.36740969e-01 
 1.31913319e-05  0.00000000e+00  1.31913319e-05 -8.04310184e-01  1.31913319e-05  2.58284420e-01  1.31913319e-05  2.58275075e-01 
 1.33913319e-05  0.00000000e+00  1.33913319e-05 -8.09349152e-01  1.33913319e-05  3.05608432e-01  1.33913319e-05  3.05599087e-01 
 1.35913319e-05  0.00000000e+00  1.35913319e-05 -8.10105759e-01  1.35913319e-05  3.11541533e-01  1.35913319e-05  3.11532188e-01 
 1.37913319e-05  0.00000000e+00  1.37913319e-05 -8.01728065e-01  1.37913319e-05  2.40275367e-01  1.37913319e-05  2.40266022e-01 
 1.39913319e-05  0.00000000e+00  1.39913319e-05 -8.03192424e-01  1.39913319e-05  2.51825022e-01  1.39913319e-05  2.51815677e-01 
 1.41913319e-05  0.00000000e+00  1.41913319e-05 -8.05973569e-01  1.41913319e-05  2.75504755e-01  1.41913319e-05  2.75495410e-01 
 1.43913319e-05  0.00000000e+00  1.43913319e-05 -7.99285421e-01  1.43913319e-05  2.21748096e-01  1.43913319e-05  2.21738751e-01 
 1.45913319e-05  0.00000000e+00  1.45913319e-05 -7.97688308e-01  1.45913319e-05  2.08252520e-01  1.45913319e-05  2.08243175e-01 
 1.47913319e-05  0.00000000e+00  1.47913319e-05 -8.01003736e-01  1.47913319e-05  2.32496924e-01  1.47913319e-05  2.32487579e-01 
 1.49913319e-05  0.00000000e+00  1.49913319e-05 -7.96182658e-01  1.49913319e-05  2.00073168e-01  1.49913319e-05  2.00063823e-01 
 1.51913319e-05  0.00000000e+00  1.51913319e-05 -7.91629461e-01  1.51913319e-05  1.71605811e-01  1.51913319e-05  1.71596466e-01 
 1.53913319e-05  0.00000000e+00  1.53913319e-05 -7.94420502e-01  1.53913319e-05  1.88567996e-01  1.53913319e-05  1.88558651e-01 
 1.55913319e-05  0.00000000e+00  1.55913319e-05 -7.92173252e-01  1.55913319e-05  1.72349214e-01  1.55913319e-05  1.72339869e-01 
 1.57913319e-05  0.00000000e+00  1.57913319e-05 -7.86091118e-01  1.57913319e-05  1.40468447e-01  1.57913319e-05  1.40459102e-01 
 1.59913319e-05  0.00000000e+00  1.59913319e-05 -7.87557828e-01  1.59913319e-05  1.45266619e-01  1.59913319e-05  1.45257274e-01 
 1.61913319e-05  0.00000000e+00  1.61913319e-05 -7.86007643e-01  1.61913319e-05  1.40536293e-01  1.61913319e-05  1.40526948e-01 
 1.63913319e-05  0.00000000e+00  1.63913319e-05 -7.79471287e-01  1.63913319e-05  1.10543306e-01  1.63913319e-05  1.10533961e-01 
 1.65913319e-05  0.00000000e+00  1.65913319e-05 -7.78092428e-01  1.65913319e-05  1.05479224e-01  1.65913319e-05  1.05469879e-01 
 1.67913319e-05  0.00000000e+00  1.67913319e-05 -7.77489945e-01  1.67913319e-05  1.04591266e-01  1.67913319e-05  1.04581922e-01 
 1.69913319e-05  0.00000000e+00  1.69913319e-05 -7.71110739e-01  1.69913319e-05  8.12239462e-02  1.69913319e-05  8.12146019e-02 
 1.71913319e-05  0.00000000e+00  1.71913319e-05 -7.65563134e-01  1.71913319e-05  6.78602581e-02  1.71913319e-05  6.78509140e-02 
 1.73913319e-05  0.00000000e+00  1.73913319e-05 -7.66028785e-01  1.73913319e-05  6.76496178e-02  1.73913319e-05  6.76402737e-02 
 1.75913319e-05  0.00000000e+00  1.75913319e-05 -7.57261509e-01  1.75913319e-05  4.98670920e-02  1.75913319e-05  4.98577481e-02 
 1.77913319e-05  0.00000000e+00  1.77913319e-05 -7.46505866e-01  1.77913319e-05  3.32695286e-02  1.77913319e-05  3.32601850e-02 
 1.79913319e-05  0.00000000e+00  1.79913319e-05 -7.43359620e-01  1.79913319e-05  2.96097296e-02  1.79913319e-05  2.96003860e-02 
 1.81913319e-05  0.00000000e+00  1.81913319e-05 -7.29700591e-01  1.81913319e-05  1.76019856e-02  1.81913319e-05  1.75926424e-02 
 1.83913319e-05  0.00000000e+00  1.83913319e-05 -4.86296746e-01  1.83913319e-05  1.07995063e-05  1.83913319e-05  1.46234889e-06 
 1.85913319e-05  0.00000000e+00  1.85913319e-05  1.68607386e+00  1.85913319e-05  9.28284645e-06  1.85913319e-05 -1.69607405e-12 
 1.87913319e-05  0.00000000e+00  1.87913319e-05  6.87509651e+00  1.87913319e-05  9.15311568e-06  1.87913319e-05 -6.88509670e-12 
 1.89913319e-05  0.00000000e+00  1.89913319e-05  1.78668873e+01  1.89913319e-05  8.87830981e-06  1.89913319e-05 -1.78768875e-11 
 1.91913319e-05  0.00000000e+00  1.91913319e-05  3.30328458e+01  1.91913319e-05  8.49914591e-06  1.91913319e-05 -3.30428460e-11 
 1.93913319e-05  0.00000000e+00  1.93913319e-05  5.13194194e+01  1.93913319e-05  8.04196316e-06  1.93913319e-05 -5.13294196e-11 
 1.95913319e-05  0.00000000e+00  1.95913319e-05  7.45590605e+01  1.95913319e-05  7.46094884e-06  1.95913319e-05 -7.45690607e-11 
 1.97913319e-05  0.00000000e+00  1.97913319e-05  9.90946112e+01  1.97913319e-05  6.84753559e-06  1.97913319e-05 -9.91046114e-11 
 1.99913319e-05  0.00000000e+00  1.99913319e-05  1.26942653e+02  1.99913319e-05  6.15130739e-06  1.99913319e-05 -1.26952653e-10 
 2.01913319e-05  0.00000000e+00  2.01913319e-05  1.56055879e+02  2.01913319e-05  5.42344696e-06  2.01913319e-05 -1.56065879e-10 
 2.03913319e-05  0.00000000e+00  2.03913319e-05  1.85262338e+02  2.03913319e-05  4.69325641e-06  2.03913319e-05 -1.85272338e-10 
 2.05913319e-05  0.00000000e+00  2.05913319e-05  2.15593006e+02  2.05913319e-05  3.93495793e-06  2.05913319e-05 -2.15603006e-10 
 2.07913319e-05  0.00000000e+00  2.07913319e-05  2.43449275e+02  2.07913319e-05  3.23852510e-06  2.07913319e-05 -2.43459275e-10 
 2.09913319e-05  0.00000000e+00  2.09913319e-05  2.70551184e+02  2.09913319e-05  2.56094972e-06  2.09913319e-05 -2.70561184e-10 
 2.10000000e-05  0.00000000e+00  2.10000000e-05  2.71755036e+02  2.10000000e-05  2.53085273e-06  2.10000000e-05 -2.71765036e-10 
